[OBJECT MATRICES
    [OBJECT VIEW_MAT
	[MATRIX
	    -0.267437669 -0.139453133  0.219502585  0.000000000 
	     0.260031497 -0.139152368  0.228411270  0.000000000 
	    -0.003507391  0.316766075  0.196972786  0.000000000 
	     0.000000000  0.000000000  0.000000000  1.000000000 
	]
    ]
    [OBJECT PRSP_MAT
	[MATRIX
	     1.000000000  0.000000000  0.000000000  0.000000000 
	     0.000000000  1.000000000  0.000000000  0.000000000 
	     0.000000000  0.000000000  1.000000000 -0.350000000 
	     0.000000000  0.000000000  0.000000000  1.000000000 
	]
    ]
]
[OBJECT NONE
    [OBJECT
        [color 4] [tubular 0.5]
        ICOSA
        [POLYGON [PLANE 0 -0.356822 -0.934172 1.51152] 3
            [[NORMAL 0 -0.356822 -0.934172] -1 0 1.61803]
            [[NORMAL 0 -0.356822 -0.934172] 0 1.61803 1]
            [[NORMAL 0 -0.356822 -0.934172] 1 0 1.61803]
        ]
        [POLYGON [PLANE 0 0.356822 -0.934172 1.51152] 3
            [[NORMAL 0 0.356822 -0.934172] 1 0 1.61803]
            [[NORMAL 0 0.356822 -0.934172] 0 -1.61803 1]
            [[NORMAL 0 0.356822 -0.934172] -1 0 1.61803]
        ]
        [POLYGON [PLANE 0.57735 -0.57735 -0.57735 1.51152] 3
            [[NORMAL 0.57735 -0.57735 -0.57735] -1 0 1.61803]
            [[NORMAL 0.57735 -0.57735 -0.57735] -1.61803 1 0]
            [[NORMAL 0.57735 -0.57735 -0.57735] 0 1.61803 1]
        ]
        [POLYGON [PLANE -0.57735 -0.57735 -0.57735 1.51152] 3
            [[NORMAL -0.57735 -0.57735 -0.57735] 0 1.61803 1]
            [[NORMAL -0.57735 -0.57735 -0.57735] 1.61803 1 0]
            [[NORMAL -0.57735 -0.57735 -0.57735] 1 0 1.61803]
        ]
        [POLYGON [PLANE -0.356822 -0.934172 0 1.51152] 3
            [[NORMAL -0.356822 -0.934172 0] 0 1.61803 1]
            [[NORMAL -0.356822 -0.934172 0] 0 1.61803 -1]
            [[NORMAL -0.356822 -0.934172 0] 1.61803 1 0]
        ]
        [POLYGON [PLANE 0.356822 -0.934172 0 1.51152] 3
            [[NORMAL 0.356822 -0.934172 0] 0 1.61803 1]
            [[NORMAL 0.356822 -0.934172 0] -1.61803 1 0]
            [[NORMAL 0.356822 -0.934172 0] 0 1.61803 -1]
        ]
        [POLYGON [PLANE 0.934172 0 -0.356822 1.51152] 3
            [[NORMAL 0.934172 0 -0.356822] -1 0 1.61803]
            [[NORMAL 0.934172 0 -0.356822] -1.61803 -1 0]
            [[NORMAL 0.934172 0 -0.356822] -1.61803 1 0]
        ]
        [POLYGON [PLANE 0.57735 0.57735 -0.57735 1.51152] 3
            [[NORMAL 0.57735 0.57735 -0.57735] -1 0 1.61803]
            [[NORMAL 0.57735 0.57735 -0.57735] 0 -1.61803 1]
            [[NORMAL 0.57735 0.57735 -0.57735] -1.61803 -1 0]
        ]
        [POLYGON [PLANE -0.57735 0.57735 -0.57735 1.51152] 3
            [[NORMAL -0.57735 0.57735 -0.57735] 1 0 1.61803]
            [[NORMAL -0.57735 0.57735 -0.57735] 1.61803 -1 0]
            [[NORMAL -0.57735 0.57735 -0.57735] 0 -1.61803 1]
        ]
        [POLYGON [PLANE -0.934172 0 -0.356822 1.51152] 3
            [[NORMAL -0.934172 0 -0.356822] 1 0 1.61803]
            [[NORMAL -0.934172 0 -0.356822] 1.61803 1 0]
            [[NORMAL -0.934172 0 -0.356822] 1.61803 -1 0]
        ]
        [POLYGON [PLANE 0 0.356822 0.934172 1.51152] 3
            [[NORMAL 0 0.356822 0.934172] -1 0 -1.61803]
            [[NORMAL 0 0.356822 0.934172] 0 -1.61803 -1]
            [[NORMAL 0 0.356822 0.934172] 1 0 -1.61803]
        ]
        [POLYGON [PLANE 0 -0.356822 0.934172 1.51152] 3
            [[NORMAL 0 -0.356822 0.934172] 1 0 -1.61803]
            [[NORMAL 0 -0.356822 0.934172] 0 1.61803 -1]
            [[NORMAL 0 -0.356822 0.934172] -1 0 -1.61803]
        ]
        [POLYGON [PLANE 0.57735 0.57735 0.57735 1.51152] 3
            [[NORMAL 0.57735 0.57735 0.57735] -1 0 -1.61803]
            [[NORMAL 0.57735 0.57735 0.57735] -1.61803 -1 0]
            [[NORMAL 0.57735 0.57735 0.57735] 0 -1.61803 -1]
        ]
        [POLYGON [PLANE -0.57735 0.57735 0.57735 1.51152] 3
            [[NORMAL -0.57735 0.57735 0.57735] 0 -1.61803 -1]
            [[NORMAL -0.57735 0.57735 0.57735] 1.61803 -1 0]
            [[NORMAL -0.57735 0.57735 0.57735] 1 0 -1.61803]
        ]
        [POLYGON [PLANE -0.356822 0.934172 0 1.51152] 3
            [[NORMAL -0.356822 0.934172 0] 0 -1.61803 -1]
            [[NORMAL -0.356822 0.934172 0] 0 -1.61803 1]
            [[NORMAL -0.356822 0.934172 0] 1.61803 -1 0]
        ]
        [POLYGON [PLANE 0.356822 0.934172 0 1.51152] 3
            [[NORMAL 0.356822 0.934172 0] 0 -1.61803 -1]
            [[NORMAL 0.356822 0.934172 0] -1.61803 -1 0]
            [[NORMAL 0.356822 0.934172 0] 0 -1.61803 1]
        ]
        [POLYGON [PLANE 0.934172 0 0.356822 1.51152] 3
            [[NORMAL 0.934172 0 0.356822] -1 0 -1.61803]
            [[NORMAL 0.934172 0 0.356822] -1.61803 1 0]
            [[NORMAL 0.934172 0 0.356822] -1.61803 -1 0]
        ]
        [POLYGON [PLANE 0.57735 -0.57735 0.57735 1.51152] 3
            [[NORMAL 0.57735 -0.57735 0.57735] -1 0 -1.61803]
            [[NORMAL 0.57735 -0.57735 0.57735] 0 1.61803 -1]
            [[NORMAL 0.57735 -0.57735 0.57735] -1.61803 1 0]
        ]
        [POLYGON [PLANE -0.57735 -0.57735 0.57735 1.51152] 3
            [[NORMAL -0.57735 -0.57735 0.57735] 1 0 -1.61803]
            [[NORMAL -0.57735 -0.57735 0.57735] 1.61803 1 0]
            [[NORMAL -0.57735 -0.57735 0.57735] 0 1.61803 -1]
        ]
        [POLYGON [PLANE -0.934172 0 0.356822 1.51152] 3
            [[NORMAL -0.934172 0 0.356822] 1 0 -1.61803]
            [[NORMAL -0.934172 0 0.356822] 1.61803 -1 0]
            [[NORMAL -0.934172 0 0.356822] 1.61803 1 0]
        ]
    ]
]
