
[OBJECT MATRICES
    [OBJECT VIEW_MAT
	[MATRIX
	    -0.240147739  0.237945352  0.335231130  0.000000000 
	     0.008762292 -0.385188735  0.279681424  0.000000000 
	     0.410999907  0.147243382  0.189913320  0.000000000 
	    -0.615334160 -0.170524254  0.000844721  1.000000000 
	]
    ]
]

[OBJECT ISOS
    [OBJECT NONE
	[CURVE BSPLINE 8 3 P3
	    [KV        0        0        0        1        2
		        3        4        5        6        6
		        6]
	    [       1     1.12        0        0]
	    [       1     1.12        0     0.12]
	    [       1     0.16        0      0.2]
	    [       1     0.16        0      1.2]
	    [       1     0.96        0      1.2]
	    [       1     1.28        0      1.6]
	    [       1     1.28        0      2.8]
	    [       1     0.96        0      3.2]
	]
    ]
    [OBJECT NONE
	[CURVE BSPLINE 8 3 P3
	    [KV        0        0        0        1        2
		        3        4        5        6        6
		        6]
	    [0.906274 0.970227 0.298227        0]
	    [0.906274 0.970227 0.298227 0.108753]
	    [0.906274 0.138604 0.0426038 0.181255]
	    [0.906274 0.138604 0.0426038  1.08753]
	    [0.906274 0.831623 0.255623  1.08753]
	    [0.906274  1.10883 0.340831  1.45004]
	    [0.906274  1.10883 0.340831  2.53757]
	    [0.906274 0.831623 0.255623  2.90008]
	]
    ]
    [OBJECT NONE
	[CURVE BSPLINE 8 3 P3
	    [KV        0        0        0        1        2
		        3        4        5        6        6
		        6]
	    [0.859411 0.783341 0.559341        0]
	    [0.859411 0.783341 0.559341 0.103129]
	    [0.859411 0.111906 0.0799058 0.171882]
	    [0.859411 0.111906 0.0799058  1.03129]
	    [0.859411 0.671435 0.479435  1.03129]
	    [0.859411 0.895247 0.639247  1.37506]
	    [0.859411 0.895247 0.639247  2.40635]
	    [0.859411 0.671435 0.479435  2.75012]
	]
    ]
    [OBJECT NONE
	[CURVE BSPLINE 8 3 P3
	    [KV        0        0        0        1        2
		        3        4        5        6        6
		        6]
	    [0.859411 0.559341 0.783341        0]
	    [0.859411 0.559341 0.783341 0.103129]
	    [0.859411 0.0799058 0.111906 0.171882]
	    [0.859411 0.0799058 0.111906  1.03129]
	    [0.859411 0.479435 0.671435  1.03129]
	    [0.859411 0.639247 0.895247  1.37506]
	    [0.859411 0.639247 0.895247  2.40635]
	    [0.859411 0.479435 0.671435  2.75012]
	]
    ]
    [OBJECT NONE
	[CURVE BSPLINE 8 3 P3
	    [KV        0        0        0        1        2
		        3        4        5        6        6
		        6]
	    [0.906274 0.298227 0.970227        0]
	    [0.906274 0.298227 0.970227 0.108753]
	    [0.906274 0.0426038 0.138604 0.181255]
	    [0.906274 0.0426038 0.138604  1.08753]
	    [0.906274 0.255623 0.831623  1.08753]
	    [0.906274 0.340831  1.10883  1.45004]
	    [0.906274 0.340831  1.10883  2.53757]
	    [0.906274 0.255623 0.831623  2.90008]
	]
    ]
    [OBJECT NONE
	[CURVE BSPLINE 8 3 P3
	    [KV        0        0        0        1        2
		        3        4        5        6        6
		        6]
	    [       1        0     1.12        0]
	    [       1        0     1.12     0.12]
	    [       1        0     0.16      0.2]
	    [       1        0     0.16      1.2]
	    [       1        0     0.96      1.2]
	    [       1        0     1.28      1.6]
	    [       1        0     1.28      2.8]
	    [       1        0     0.96      3.2]
	]
    ]
    [OBJECT NONE
	[CURVE BSPLINE 8 3 P3
	    [KV        0        0        0        1        2
		        3        4        5        6        6
		        6]
	    [0.906274 -0.298227 0.970227        0]
	    [0.906274 -0.298227 0.970227 0.108753]
	    [0.906274 -0.0426038 0.138604 0.181255]
	    [0.906274 -0.0426038 0.138604  1.08753]
	    [0.906274 -0.255623 0.831623  1.08753]
	    [0.906274 -0.340831  1.10883  1.45004]
	    [0.906274 -0.340831  1.10883  2.53757]
	    [0.906274 -0.255623 0.831623  2.90008]
	]
    ]
    [OBJECT NONE
	[CURVE BSPLINE 8 3 P3
	    [KV        0        0        0        1        2
		        3        4        5        6        6
		        6]
	    [0.859411 -0.559341 0.783341        0]
	    [0.859411 -0.559341 0.783341 0.103129]
	    [0.859411 -0.0799058 0.111906 0.171882]
	    [0.859411 -0.0799058 0.111906  1.03129]
	    [0.859411 -0.479435 0.671435  1.03129]
	    [0.859411 -0.639247 0.895247  1.37506]
	    [0.859411 -0.639247 0.895247  2.40635]
	    [0.859411 -0.479435 0.671435  2.75012]
	]
    ]
    [OBJECT NONE
	[CURVE BSPLINE 8 3 P3
	    [KV        0        0        0        1        2
		        3        4        5        6        6
		        6]
	    [0.859411 -0.783341 0.559341        0]
	    [0.859411 -0.783341 0.559341 0.103129]
	    [0.859411 -0.111906 0.0799058 0.171882]
	    [0.859411 -0.111906 0.0799058  1.03129]
	    [0.859411 -0.671435 0.479435  1.03129]
	    [0.859411 -0.895247 0.639247  1.37506]
	    [0.859411 -0.895247 0.639247  2.40635]
	    [0.859411 -0.671435 0.479435  2.75012]
	]
    ]
    [OBJECT NONE
	[CURVE BSPLINE 8 3 P3
	    [KV        0        0        0        1        2
		        3        4        5        6        6
		        6]
	    [0.906274 -0.970227 0.298227        0]
	    [0.906274 -0.970227 0.298227 0.108753]
	    [0.906274 -0.138604 0.0426038 0.181255]
	    [0.906274 -0.138604 0.0426038  1.08753]
	    [0.906274 -0.831623 0.255623  1.08753]
	    [0.906274 -1.10883 0.340831  1.45004]
	    [0.906274 -1.10883 0.340831  2.53757]
	    [0.906274 -0.831623 0.255623  2.90008]
	]
    ]
    [OBJECT NONE
	[CURVE BSPLINE 8 3 P3
	    [KV        0        0        0        1        2
		        3        4        5        6        6
		        6]
	    [       1    -1.12        0        0]
	    [       1    -1.12        0     0.12]
	    [       1    -0.16        0      0.2]
	    [       1    -0.16        0      1.2]
	    [       1    -0.96        0      1.2]
	    [       1    -1.28        0      1.6]
	    [       1    -1.28        0      2.8]
	    [       1    -0.96        0      3.2]
	]
    ]
    [OBJECT NONE
	[CURVE BSPLINE 8 3 P3
	    [KV        0        0        0        1        2
		        3        4        5        6        6
		        6]
	    [0.906274 -0.970227 -0.298227        0]
	    [0.906274 -0.970227 -0.298227 0.108753]
	    [0.906274 -0.138604 -0.0426038 0.181255]
	    [0.906274 -0.138604 -0.0426038  1.08753]
	    [0.906274 -0.831623 -0.255623  1.08753]
	    [0.906274 -1.10883 -0.340831  1.45004]
	    [0.906274 -1.10883 -0.340831  2.53757]
	    [0.906274 -0.831623 -0.255623  2.90008]
	]
    ]
    [OBJECT NONE
	[CURVE BSPLINE 8 3 P3
	    [KV        0        0        0        1        2
		        3        4        5        6        6
		        6]
	    [0.859411 -0.783341 -0.559341        0]
	    [0.859411 -0.783341 -0.559341 0.103129]
	    [0.859411 -0.111906 -0.0799058 0.171882]
	    [0.859411 -0.111906 -0.0799058  1.03129]
	    [0.859411 -0.671435 -0.479435  1.03129]
	    [0.859411 -0.895247 -0.639247  1.37506]
	    [0.859411 -0.895247 -0.639247  2.40635]
	    [0.859411 -0.671435 -0.479435  2.75012]
	]
    ]
    [OBJECT NONE
	[CURVE BSPLINE 8 3 P3
	    [KV        0        0        0        1        2
		        3        4        5        6        6
		        6]
	    [0.859411 -0.559341 -0.783341        0]
	    [0.859411 -0.559341 -0.783341 0.103129]
	    [0.859411 -0.0799058 -0.111906 0.171882]
	    [0.859411 -0.0799058 -0.111906  1.03129]
	    [0.859411 -0.479435 -0.671435  1.03129]
	    [0.859411 -0.639247 -0.895247  1.37506]
	    [0.859411 -0.639247 -0.895247  2.40635]
	    [0.859411 -0.479435 -0.671435  2.75012]
	]
    ]
    [OBJECT NONE
	[CURVE BSPLINE 8 3 P3
	    [KV        0        0        0        1        2
		        3        4        5        6        6
		        6]
	    [0.906274 -0.298227 -0.970227        0]
	    [0.906274 -0.298227 -0.970227 0.108753]
	    [0.906274 -0.0426038 -0.138604 0.181255]
	    [0.906274 -0.0426038 -0.138604  1.08753]
	    [0.906274 -0.255623 -0.831623  1.08753]
	    [0.906274 -0.340831 -1.10883  1.45004]
	    [0.906274 -0.340831 -1.10883  2.53757]
	    [0.906274 -0.255623 -0.831623  2.90008]
	]
    ]
    [OBJECT NONE
	[CURVE BSPLINE 8 3 P3
	    [KV        0        0        0        1        2
		        3        4        5        6        6
		        6]
	    [       1        0    -1.12        0]
	    [       1        0    -1.12     0.12]
	    [       1        0    -0.16      0.2]
	    [       1        0    -0.16      1.2]
	    [       1        0    -0.96      1.2]
	    [       1        0    -1.28      1.6]
	    [       1        0    -1.28      2.8]
	    [       1        0    -0.96      3.2]
	]
    ]
    [OBJECT NONE
	[CURVE BSPLINE 8 3 P3
	    [KV        0        0        0        1        2
		        3        4        5        6        6
		        6]
	    [0.906274 0.298227 -0.970227        0]
	    [0.906274 0.298227 -0.970227 0.108753]
	    [0.906274 0.0426038 -0.138604 0.181255]
	    [0.906274 0.0426038 -0.138604  1.08753]
	    [0.906274 0.255623 -0.831623  1.08753]
	    [0.906274 0.340831 -1.10883  1.45004]
	    [0.906274 0.340831 -1.10883  2.53757]
	    [0.906274 0.255623 -0.831623  2.90008]
	]
    ]
    [OBJECT NONE
	[CURVE BSPLINE 8 3 P3
	    [KV        0        0        0        1        2
		        3        4        5        6        6
		        6]
	    [0.859411 0.559341 -0.783341        0]
	    [0.859411 0.559341 -0.783341 0.103129]
	    [0.859411 0.0799058 -0.111906 0.171882]
	    [0.859411 0.0799058 -0.111906  1.03129]
	    [0.859411 0.479435 -0.671435  1.03129]
	    [0.859411 0.639247 -0.895247  1.37506]
	    [0.859411 0.639247 -0.895247  2.40635]
	    [0.859411 0.479435 -0.671435  2.75012]
	]
    ]
    [OBJECT NONE
	[CURVE BSPLINE 8 3 P3
	    [KV        0        0        0        1        2
		        3        4        5        6        6
		        6]
	    [0.859411 0.783341 -0.559341        0]
	    [0.859411 0.783341 -0.559341 0.103129]
	    [0.859411 0.111906 -0.0799058 0.171882]
	    [0.859411 0.111906 -0.0799058  1.03129]
	    [0.859411 0.671435 -0.479435  1.03129]
	    [0.859411 0.895247 -0.639247  1.37506]
	    [0.859411 0.895247 -0.639247  2.40635]
	    [0.859411 0.671435 -0.479435  2.75012]
	]
    ]
    [OBJECT NONE
	[CURVE BSPLINE 8 3 P3
	    [KV        0        0        0        1        2
		        3        4        5        6        6
		        6]
	    [0.906274 0.970227 -0.298227        0]
	    [0.906274 0.970227 -0.298227 0.108753]
	    [0.906274 0.138604 -0.0426038 0.181255]
	    [0.906274 0.138604 -0.0426038  1.08753]
	    [0.906274 0.831623 -0.255623  1.08753]
	    [0.906274  1.10883 -0.340831  1.45004]
	    [0.906274  1.10883 -0.340831  2.53757]
	    [0.906274 0.831623 -0.255623  2.90008]
	]
    ]
    [OBJECT NONE
	[CURVE BSPLINE 8 3 P3
	    [KV        0        0        0        1        2
		        3        4        5        6        6
		        6]
	    [       1     1.12 -1.68816e-14        0]
	    [       1     1.12 -1.68816e-14     0.12]
	    [       1     0.16 -2.41166e-15      0.2]
	    [       1     0.16 -2.41166e-15      1.2]
	    [       1     0.96 -1.447e-14      1.2]
	    [       1     1.28 -1.92933e-14      1.6]
	    [       1     1.28 -1.92933e-14      2.8]
	    [       1     0.96 -1.447e-14      3.2]
	]
    ]
    [OBJECT NONE
	[CURVE BSPLINE 9 3 P3
	    [KV       10       10       10       11       11
		       12       12       13       13       14
		       14       14]
	    [       1     1.12        0        0]
	    [0.707107  0.79196  0.79196        0]
	    [       1        0     1.12        0]
	    [0.707107 -0.79196  0.79196        0]
	    [       1    -1.12        0        0]
	    [0.707107 -0.79196 -0.79196        0]
	    [       1        0    -1.12        0]
	    [0.707107  0.79196 -0.79196        0]
	    [       1     1.12        0        0]
	]
    ]
    [OBJECT NONE
	[CURVE BSPLINE 9 3 P3
	    [KV       10       10       10       11       11
		       12       12       13       13       14
		       14       14]
	    [       1   0.9472        0   0.1152]
	    [0.707107 0.669772 0.669772 0.0814586]
	    [       1        0   0.9472   0.1152]
	    [0.707107 -0.669772 0.669772 0.0814586]
	    [       1  -0.9472        0   0.1152]
	    [0.707107 -0.669772 -0.669772 0.0814586]
	    [       1        0  -0.9472   0.1152]
	    [0.707107 0.669772 -0.669772 0.0814586]
	    [       1   0.9472        0   0.1152]
	]
    ]
    [OBJECT NONE
	[CURVE BSPLINE 9 3 P3
	    [KV       10       10       10       11       11
		       12       12       13       13       14
		       14       14]
	    [       1   0.4672        0   0.1944]
	    [0.707107  0.33036  0.33036 0.137461]
	    [       1        0   0.4672   0.1944]
	    [0.707107 -0.33036  0.33036 0.137461]
	    [       1  -0.4672        0   0.1944]
	    [0.707107 -0.33036 -0.33036 0.137461]
	    [       1        0  -0.4672   0.1944]
	    [0.707107  0.33036 -0.33036 0.137461]
	    [       1   0.4672        0   0.1944]
	]
    ]
    [OBJECT NONE
	[CURVE BSPLINE 9 3 P3
	    [KV       10       10       10       11       11
		       12       12       13       13       14
		       14       14]
	    [       1   0.1792        0   0.5184]
	    [0.707107 0.126713 0.126713 0.366564]
	    [       1        0   0.1792   0.5184]
	    [0.707107 -0.126713 0.126713 0.366564]
	    [       1  -0.1792        0   0.5184]
	    [0.707107 -0.126713 -0.126713 0.366564]
	    [       1        0  -0.1792   0.5184]
	    [0.707107 0.126713 -0.126713 0.366564]
	    [       1   0.1792        0   0.5184]
	]
    ]
    [OBJECT NONE
	[CURVE BSPLINE 9 3 P3
	    [KV       10       10       10       11       11
		       12       12       13       13       14
		       14       14]
	    [       1    0.224        0     1.02]
	    [0.707107 0.158392 0.158392 0.721249]
	    [       1        0    0.224     1.02]
	    [0.707107 -0.158392 0.158392 0.721249]
	    [       1   -0.224        0     1.02]
	    [0.707107 -0.158392 -0.158392 0.721249]
	    [       1        0   -0.224     1.02]
	    [0.707107 0.158392 -0.158392 0.721249]
	    [       1    0.224        0     1.02]
	]
    ]
    [OBJECT NONE
	[CURVE BSPLINE 9 3 P3
	    [KV       10       10       10       11       11
		       12       12       13       13       14
		       14       14]
	    [       1     0.56        0      1.2]
	    [0.707107  0.39598  0.39598 0.848528]
	    [       1        0     0.56      1.2]
	    [0.707107 -0.39598  0.39598 0.848528]
	    [       1    -0.56        0      1.2]
	    [0.707107 -0.39598 -0.39598 0.848528]
	    [       1        0    -0.56      1.2]
	    [0.707107  0.39598 -0.39598 0.848528]
	    [       1     0.56        0      1.2]
	]
    ]
    [OBJECT NONE
	[CURVE BSPLINE 9 3 P3
	    [KV       10       10       10       11       11
		       12       12       13       13       14
		       14       14]
	    [       1   0.9536        0    1.272]
	    [0.707107 0.674297 0.674297  0.89944]
	    [       1        0   0.9536    1.272]
	    [0.707107 -0.674297 0.674297  0.89944]
	    [       1  -0.9536        0    1.272]
	    [0.707107 -0.674297 -0.674297  0.89944]
	    [       1        0  -0.9536    1.272]
	    [0.707107 0.674297 -0.674297  0.89944]
	    [       1   0.9536        0    1.272]
	]
    ]
    [OBJECT NONE
	[CURVE BSPLINE 9 3 P3
	    [KV       10       10       10       11       11
		       12       12       13       13       14
		       14       14]
	    [       1   1.1776        0    1.496]
	    [0.707107 0.832689 0.832689  1.05783]
	    [       1        0   1.1776    1.496]
	    [0.707107 -0.832689 0.832689  1.05783]
	    [       1  -1.1776        0    1.496]
	    [0.707107 -0.832689 -0.832689  1.05783]
	    [       1        0  -1.1776    1.496]
	    [0.707107 0.832689 -0.832689  1.05783]
	    [       1   1.1776        0    1.496]
	]
    ]
    [OBJECT NONE
	[CURVE BSPLINE 9 3 P3
	    [KV       10       10       10       11       11
		       12       12       13       13       14
		       14       14]
	    [       1   1.2736        0    1.976]
	    [0.707107 0.900572 0.900572  1.39724]
	    [       1        0   1.2736    1.976]
	    [0.707107 -0.900572 0.900572  1.39724]
	    [       1  -1.2736        0    1.976]
	    [0.707107 -0.900572 -0.900572  1.39724]
	    [       1        0  -1.2736    1.976]
	    [0.707107 0.900572 -0.900572  1.39724]
	    [       1   1.2736        0    1.976]
	]
    ]
    [OBJECT NONE
	[CURVE BSPLINE 9 3 P3
	    [KV       10       10       10       11       11
		       12       12       13       13       14
		       14       14]
	    [       1   1.2288        0    2.648]
	    [0.707107 0.868893 0.868893  1.87242]
	    [       1        0   1.2288    2.648]
	    [0.707107 -0.868893 0.868893  1.87242]
	    [       1  -1.2288        0    2.648]
	    [0.707107 -0.868893 -0.868893  1.87242]
	    [       1        0  -1.2288    2.648]
	    [0.707107 0.868893 -0.868893  1.87242]
	    [       1   1.2288        0    2.648]
	]
    ]
    [OBJECT NONE
	[CURVE BSPLINE 9 3 P3
	    [KV       10       10       10       11       11
		       12       12       13       13       14
		       14       14]
	    [       1     0.96        0      3.2]
	    [0.707107 0.678823 0.678823  2.26274]
	    [       1        0     0.96      3.2]
	    [0.707107 -0.678823 0.678823  2.26274]
	    [       1    -0.96        0      3.2]
	    [0.707107 -0.678823 -0.678823  2.26274]
	    [       1        0    -0.96      3.2]
	    [0.707107 0.678823 -0.678823  2.26274]
	    [       1     0.96        0      3.2]
	]
    ]
]
